%YAML:1.0
calibration_time: "02/04/15 21:37:22"
image_width: 3264
image_height: 2448
board_width: 9
board_height: 6
square_size: 1.
flags: 0
camera_matrix: !!opencv-matrix
   rows: 3
   cols: 3
   dt: d
   data: [ 2.0886813012747152e+003, 0., 1.3694044174232233e+003, 0.,
       2.0978342661562378e+003, 1.5867480891907180e+003, 0., 0., 1. ]
distortion_coefficients: !!opencv-matrix
   rows: 5
   cols: 1
   dt: d
   data: [ 5.2729643511471693e-003, -3.5661971666951307e-002,
       -3.5389876190349318e-003, 8.2783477566586677e-004,
       1.5452691351113905e-002 ]
avg_reprojection_error: 2.0809193649910278e+000
