<?xml version="1.0"?>
<opencv_storage>
<calibration_time>"02/04/15 22:05:35"</calibration_time>
<image_width>3264</image_width>
<image_height>2448</image_height>
<board_width>9</board_width>
<board_height>6</board_height>
<square_size>1.</square_size>
<flags>0</flags>
<camera_matrix type_id="opencv-matrix">
  <rows>3</rows>
  <cols>3</cols>
  <dt>d</dt>
  <data>
    2.0886813012747152e+003 0. 1.3694044174232233e+003 0.
    2.0978342661562378e+003 1.5867480891907180e+003 0. 0. 1.</data></camera_matrix>
<distortion_coefficients type_id="opencv-matrix">
  <rows>5</rows>
  <cols>1</cols>
  <dt>d</dt>
  <data>
    5.2729643511471693e-003 -3.5661971666951307e-002
    -3.5389876190349318e-003 8.2783477566586677e-004
    1.5452691351113905e-002</data></distortion_coefficients>
<avg_reprojection_error>2.0809193649910278e+000</avg_reprojection_error>
</opencv_storage>
