<?xml version="1.0"?>
<opencv_storage><images>
C:\develop\calib\IMG_20140907_161334.jpg
C:\develop\calib\IMG_20140907_161341.jpg
C:\develop\calib\IMG_20140907_161347.jpg
C:\develop\calib\IMG_20140907_161359.jpg
C:\develop\calib\IMG_20140907_161403.jpg
C:\develop\calib\IMG_20140907_161405.jpg
C:\develop\calib\IMG_20140907_161410.jpg
C:\develop\calib\IMG_20140907_161413.jpg
C:\develop\calib\IMG_20140907_161417.jpg
C:\develop\calib\IMG_20140907_161421.jpg
C:\develop\calib\IMG_20140907_161425.jpg
</images></opencv_storage>